dense/kernel:0
(2, 2)
[[-1.1967486  -0.81824803]
 [-0.71722245 -0.26023942]]
dense/bias:0
(2,)
[0.        1.6826365]
dense_1/kernel:0
(2, 8)
[[-0.3816505   0.651567   -0.13659024 -0.22861761 -0.71813244 -0.26011467
   0.65967715  0.17866659]
 [-4.1025915  -0.429899   -0.13328063 -0.37588042 -0.7670234   1.1173185
   1.7634603  -0.587839  ]]
dense_1/bias:0
(8,)
[-0.05347234  0.          0.          0.          0.         -0.02379413
 -0.12152345  0.        ]
dense_2/kernel:0
(8, 8)
[[ 2.0964003  -0.25785202  0.27031475 -0.60145813 -0.44733384 -1.8440278
  -1.2487764  -0.44479254]
 [-0.03796142  0.17907822  0.07396996  0.0732795  -0.2973047   0.4573421
   0.38488925  0.48957044]
 [ 0.40369493 -0.30107284  0.5056148  -0.18228441 -0.00321305 -0.3479514
  -0.08660352  0.12392169]
 [-0.21372774  0.52017707  0.5897569  -0.1959739  -0.28474262 -0.09583545
   0.52574295 -0.24148357]
 [-0.02140301 -0.0081073   0.34971392 -0.27863628  0.05411631 -0.03586191
  -0.3702576   0.19344985]
 [-0.09946229 -0.05748349 -0.45190385  0.12613013 -0.18050027  1.3528873
   0.28829518 -0.611217  ]
 [-0.7758703  -0.15916324 -0.5142073   0.4916849  -0.23068649  1.6513323
  -0.59264404 -0.5681477 ]
 [-0.23341101  0.6072143   0.41096836  0.04219031 -0.41764408 -0.04253227
  -0.02855927 -0.52636445]]
dense_2/bias:0
(8,)
[ 2.0973737   0.         -0.07662235 -0.9535232   0.          0.36883777
 -0.0697301   0.        ]
dense_3/kernel:0
(8, 8)
[[-0.48862773 -3.089188   -1.0309429   0.03007584 -0.31702614 -8.284537
  -0.51131177 -0.11543577]
 [ 0.11104149  0.08174449  0.25000566 -0.38211024 -0.07595932 -0.08909357
  -0.0911541  -0.54881984]
 [-0.4964652  -0.5264332  -0.58661336 -0.07241707 -0.35784385 -0.29767013
  -0.01203471 -0.25128284]
 [ 0.0655219  -0.02083765  0.21671408  0.26749942  0.45350283  0.8240098
  -0.19129792 -0.5963187 ]
 [-0.32484442 -0.17575493  0.2112335   0.36803007  0.5033652  -0.47171965
  -0.39196253 -0.58232063]
 [-0.0195785   0.8397811   1.0801444  -1.6199733   1.5185794   0.40328446
  -0.35575503 -0.47147375]
 [-0.5243739  -0.13732357 -0.17496915 -1.8403459  -0.01937267  0.23859851
  -0.26165754 -0.34849897]
 [ 0.2765206  -0.29788008  0.10259885 -0.22651583  0.18681145 -0.3031621
  -0.48470542 -0.3564973 ]]
dense_3/bias:0
(8,)
[-0.06003369  0.00639521  0.58896035 -0.33519015  0.70770055 -0.6862077
  0.         -0.32969403]
dense_4/kernel:0
(8, 8)
[[ 0.4804756  -0.36127064 -0.45280108 -0.4196013  -0.36167625 -0.5546404
   0.15769197  0.22369103]
 [ 0.04732606 -0.02630726  1.3661339   1.7442865   1.6837735  -1.9108291
  -0.26265708  2.1415167 ]
 [ 0.07316623 -0.5902471   0.64621526 -0.64503425 -1.5995404   0.42113987
   0.31272894 -0.31425196]
 [-0.51659405  0.1325044  -0.5168416  -0.61840636 -0.69513357 -0.236361
  -0.20027839 -0.83310395]
 [-0.23638377 -0.9212331   0.1191723  -0.7223079   1.0714597  -1.6228803
  -0.5684296  -1.2319643 ]
 [-0.1819172  -0.5834405   2.6674807   2.3744245   0.2852449   0.25737727
   0.27730757  2.9945736 ]
 [-0.5635096  -0.32633537  0.44104165 -0.17890522 -0.2103582  -0.33125693
  -0.6076921   0.5896556 ]
 [-0.5840649   0.2886899  -0.42337245 -0.6812103   0.10063274 -0.22556844
  -0.288837    0.21417566]]
dense_4/bias:0
(8,)
[-0.05345247 -0.4152807  -0.34540364 -0.8611246  -0.3820582   0.41810343
 -0.12981372 -0.4118721 ]
dense_5/kernel:0
(8, 8)
[[-3.4803158e-01  2.3708224e-02  5.0357348e-01  5.0605863e-01
  -2.4085519e-01 -6.9489725e-02 -3.2665142e-01  3.9811078e-01]
 [ 3.7824810e-01  9.2440441e-02  4.3383420e-01  4.9232179e-01
  -2.7936354e-01 -1.0285883e+00  2.4599279e-01  1.9939619e-01]
 [-1.4337628e+00 -2.9863724e-01 -8.8880795e-01 -1.9515029e-01
  -3.4407300e-01  4.5813191e-01 -1.2105583e-03 -8.0636881e-02]
 [-1.5901042e+00 -1.2357235e-03  4.0683454e-01 -2.2574145e-01
   1.8687889e-01  5.6189352e-01  9.8206386e-02  2.3454697e-01]
 [-8.7472022e-01 -1.3860762e-01  1.5409979e+00 -2.3018697e-01
   2.2879922e-01  6.9176704e-02 -2.5580194e+00 -2.1112660e-01]
 [-1.1054659e+00 -2.5428304e-01 -1.1823715e-01 -4.3653792e-01
   1.8661857e+00 -4.6897480e-01 -6.6057056e-01 -6.8583566e-01]
 [ 6.5197912e-03 -5.4204202e-01 -1.2590435e-01 -4.0909603e-01
  -2.1334027e-01  3.4162462e-02  2.0909581e-01 -1.5146723e-01]
 [-1.5879644e+00 -2.2727606e-01 -1.8575039e-02 -1.7919838e-01
  -1.7734611e-01  1.0837778e+00  5.0768596e-01  1.7477591e-01]]
dense_5/bias:0
(8,)
[ 0.8270057  -0.2925896  -0.3085469  -0.28936312  1.1528842   0.13937467
  0.25819337 -0.06206552]
dense_6/kernel:0
(8, 1)
[[ 1.1515256 ]
 [-0.32561728]
 [-0.98504466]
 [-0.3932086 ]
 [ 0.66722476]
 [-0.32609355]
 [-0.44831574]
 [-0.0523671 ]]
dense_6/bias:0
(1,)
[-0.17677814]
