dense/kernel:0
(2, 2)
[[ 0.01432586  0.35156095]
 [-0.3637334  -0.22487593]]
dense/bias:0
(2,)
[0. 0.]
dense_1/kernel:0
(2, 6)
[[ 0.86393446 -0.7230517   0.7044712  -0.55349505 -0.60665244  0.29602402]
 [-0.3003922  -0.67782056 -0.50916946 -0.47488615 -0.09865302 -0.37444666]]
dense_1/bias:0
(6,)
[0. 0. 0. 0. 0. 0.]
dense_2/kernel:0
(6, 6)
[[-0.58266366 -0.219257   -0.40415287 -0.04108626 -0.06082213  0.23304528]
 [-0.6400538  -0.06848258  0.38684958 -0.07737994  0.39153427 -0.56280375]
 [-0.6817949   0.6441502   0.20285022  0.42024964 -0.59863496  0.5284955 ]
 [-0.00468707  0.3422101   0.54788774  0.6979793   0.49661952 -0.4340613 ]
 [ 0.27076197 -0.5353695   0.1824485  -0.5250919   0.02156806 -0.35003075]
 [-0.43859172 -0.3822586  -0.20443529 -0.32749164  0.44374186  0.298047  ]]
dense_2/bias:0
(6,)
[0. 0. 0. 0. 0. 0.]
dense_3/kernel:0
(6, 6)
[[-0.11641634  0.01694626  0.2287898   0.26506138  0.645933    0.43066055]
 [ 0.0708797  -0.6480461   0.06467468  0.37038988  0.45445508  0.66781145]
 [ 0.5119371  -0.01652104 -0.6198343   0.05495846  0.5356881   0.33338708]
 [ 0.67639357 -0.2898415   0.00423545  0.03877646 -0.4052222  -0.29098284]
 [ 0.00768977  0.65059966 -0.2592095  -0.5603088  -0.04563713 -0.62459266]
 [-0.05076623  0.6418405  -0.20282292 -0.32567662 -0.202537    0.6168328 ]]
dense_3/bias:0
(6,)
[0. 0. 0. 0. 0. 0.]
dense_4/kernel:0
(6, 6)
[[-0.12750638  0.15617192  0.24427825  0.49944574  0.06312656 -0.36476326]
 [-0.05124569 -0.6060715  -0.02729243  0.26711947 -0.04060459 -0.6095739 ]
 [-0.583018   -0.35243228  0.06738925 -0.04045725  0.18309402  0.6409854 ]
 [-0.46713778 -0.23175624  0.19751328  0.03826749 -0.1251893  -0.6983433 ]
 [-0.03608346  0.08470726 -0.487166   -0.47532186 -0.5615619   0.18523997]
 [ 0.29338306 -0.09296012  0.43418163  0.14946741  0.17282349  0.22927701]]
dense_4/bias:0
(6,)
[0. 0. 0. 0. 0. 0.]
dense_5/kernel:0
(6, 6)
[[-0.57385296  0.46316165  0.11947584  0.02796459 -0.02927876 -0.63700914]
 [-0.65219665  0.28049403 -0.67695373 -0.41647407 -0.35976094  0.03749436]
 [-0.2663691   0.32857054  0.62233263  0.35627764  0.43321317  0.07606244]
 [-0.5159936  -0.6244988  -0.09168977 -0.11068791  0.3755309  -0.43364757]
 [ 0.3930629   0.36381298 -0.41153142 -0.35966855  0.3426141   0.40890962]
 [ 0.28028595  0.23335123  0.42374867 -0.08130664  0.5125031   0.16901845]]
dense_5/bias:0
(6,)
[0. 0. 0. 0. 0. 0.]
dense_6/kernel:0
(6, 6)
[[ 0.66927403 -0.0279361   0.57269055  0.60446745 -0.11445683  0.15120435]
 [-0.32543117 -0.5782925   0.30608708 -0.42589727 -0.23359773 -0.4104872 ]
 [-0.1833511   0.36443692 -0.20970789  0.43384975  0.36974794  0.31338757]
 [ 0.26263285  0.19512624 -0.3899445  -0.6638093   0.34498614 -0.23041546]
 [ 0.6897686   0.15400255  0.17703748 -0.43298012 -0.31316438  0.56663877]
 [ 0.6392917  -0.28868163  0.3908673   0.10727334 -0.6931848  -0.6457057 ]]
dense_6/bias:0
(6,)
[0. 0. 0. 0. 0. 0.]
dense_7/kernel:0
(6, 6)
[[ 0.24435091  0.38588208 -0.13400877 -0.52843076 -0.19663173  0.40025884]
 [-0.29562068  0.67373794 -0.50459117 -0.38740268  0.25107366  0.29310566]
 [ 0.43349057 -0.45695797 -0.27578166 -0.5322181  -0.3695016  -0.3634813 ]
 [ 0.42554206  0.69830734  0.53507847 -0.54492533 -0.39629096  0.21395594]
 [ 0.634451    0.31410903 -0.38993555  0.41101044 -0.10545546  0.6345014 ]
 [ 0.3727234   0.6329816  -0.09761983 -0.64827603 -0.20836306 -0.5662955 ]]
dense_7/bias:0
(6,)
[0. 0. 0. 0. 0. 0.]
dense_8/kernel:0
(6, 6)
[[-0.19826466  0.44894212  0.56532496 -0.3284654   0.07449621  0.35007662]
 [ 0.15562654 -0.02240831 -0.46112293  0.15617937  0.16728657  0.30391985]
 [-0.0363031  -0.46534842 -0.49886054 -0.243088   -0.12674516  0.58897537]
 [ 0.41006488  0.47841614  0.17913723 -0.6522973   0.16453302  0.24501532]
 [ 0.6229567   0.03470016 -0.04634213 -0.49006754  0.24416965  0.34572166]
 [ 0.0198006   0.40718657 -0.25256616  0.57981473  0.3747807   0.28941214]]
dense_8/bias:0
(6,)
[0. 0. 0. 0. 0. 0.]
dense_9/kernel:0
(6, 6)
[[-0.22722259 -0.17019016  0.51353544  0.4532209  -0.09183425 -0.5053702 ]
 [ 0.06767333  0.7068544   0.34226376  0.10341418  0.21310776  0.5497648 ]
 [-0.62223196 -0.6274138   0.2642511   0.37959749  0.6192834  -0.18388754]
 [-0.38591862 -0.06355709 -0.11231089 -0.41857788 -0.2679636   0.12490827]
 [ 0.08759111  0.51945394 -0.521046   -0.5835135  -0.00366658 -0.13851714]
 [ 0.0203824   0.05928952 -0.14506441  0.46868402  0.3115831  -0.6021136 ]]
dense_9/bias:0
(6,)
[0. 0. 0. 0. 0. 0.]
dense_10/kernel:0
(6, 1)
[[-0.25469464]
 [ 0.2880882 ]
 [-0.6533622 ]
 [-0.30606955]
 [-0.797717  ]
 [ 0.6728829 ]]
dense_10/bias:0
(1,)
[-4.263061]
